1.045000 13.850000
0.900000 14.600000
0.985000 14.260000
0.765000 14.150000
0.825000 14.120000
0.830000 15.160000
1.055000 13.570000
1.160000 13.160000
1.090000 13.500000
1.300000 12.530000
1.540000 11.720000
1.510000 12.070000
1.545000 12.040000
0.960000 14.370000
0.625000 14.270000
0.765000 14.100000
0.980000 14.660000
1.250000 12.980000
1.240000 12.840000
1.565000 11.930000
0.805000 14.100000
0.900000 14.540000
0.980000 14.360000
0.910000 13.940000
0.760000 15.690000
0.790000 14.080000
1.090000 13.720000
1.260000 13.000000
1.400000 12.500000
0.990000 14.780000
0.870000 14.050000
1.510000 12.220000
1.480000 12.210000
1.600000 11.920000
1.080000 13.620000
0.400000 15.330000
0.920000 15.660000
0.910000 15.660000
0.840000 14.300000
0.950000 14.600000
0.890000 14.920000
0.860000 14.150000
0.870000 15.330000
0.910000 15.080000
1.100000 13.830000
1.300000 12.820000
0.880000 15.790000
1.080000 12.840000
1.470000 12.150000
0.520000 15.730000
1.070000 12.370000
0.840000 14.080000
0.940000 14.620000
0.990000 14.410000
0.780000 14.140000
1.070000 14.080000
0.640000 13.410000
0.990000 14.290000
1.020000 14.160000
1.000000 13.990000
1.170000 12.830000
0.650000 14.580000
0.910000 14.620000
0.900000 13.950000
0.980000 13.170000
-0.090000 14.970000
1.420000 12.490000
1.200000 12.960000
1.110000 13.860000
1.520000 11.710000
1.550000 12.080000
0.990000 14.430000
1.250000 12.960000
1.320000 12.670000
1.030000 13.880000
0.810000 14.110000
1.080000 13.040000
1.030000 13.180000
1.090000 13.350000
1.110000 13.290000
1.610000 11.920000
1.160000 8.300000
0.710000 10.080000
0.520000 8.510000
0.760000 9.090000
0.470000 10.600000
0.480000 8.880000
1.120000 9.560000
0.830000 14.110000
0.800000 14.030000
0.860000 14.040000
0.890000 14.020000
0.790000 14.080000
0.800000 14.000000
0.820000 13.940000
0.870000 14.060000
0.860000 13.960000
0.800000 14.070000
0.850000 14.060000
0.800000 14.070000
0.860000 14.080000
0.820000 14.050000
0.780000 14.010000
0.830000 14.110000
0.860000 14.070000
0.820000 14.080000
0.810000 14.130000
0.900000 13.990000
0.770000 14.000000
0.870000 14.080000
0.850000 14.080000
0.890000 14.080000
0.940000 14.500000
0.940000 14.320000
0.810000 14.100000
0.740000 14.070000
1.040000 13.740000
1.370000 12.480000
0.900000 13.980000
1.500000 12.160000
1.460000 12.190000
1.580000 11.900000
1.090000 13.580000
0.830000 15.620000
0.880000 15.510000
0.920000 14.540000
0.830000 14.100000
0.930000 14.930000
1.110000 13.790000
1.280000 12.820000
0.880000 15.710000
1.070000 12.800000
1.460000 12.120000
1.060000 12.340000
0.860000 14.100000
0.810000 14.060000
1.030000 14.110000
0.980000 14.280000
1.050000 13.900000
0.930000 13.850000
-0.070000 14.960000
1.600000 11.880000
1.320000 12.490000
1.080000 13.750000
0.970000 14.620000
0.770000 14.150000
0.950000 14.610000
1.030000 13.950000
1.620000 12.050000
0.980000 14.690000
0.930000 15.450000
0.810000 14.230000
0.870000 15.060000
0.790000 14.190000
0.830000 14.220000
0.880000 15.120000
1.130000 13.300000
1.080000 13.420000
0.920000 14.510000
0.980000 14.470000
1.090000 13.610000
1.160000 13.160000
1.290000 12.580000
0.890000 14.110000
1.280000 12.530000
0.720000 14.060000
1.540000 12.010000
0.930000 14.290000
0.900000 14.660000
1.210000 12.980000
0.940000 14.360000
1.060000 13.200000
0.800000 14.150000
0.820000 14.580000
0.960000 14.660000
1.210000 13.070000
0.940000 14.500000
0.970000 14.630000
1.130000 13.460000
0.810000 14.180000
0.820000 14.180000
0.790000 14.140000
1.070000 14.280000
0.920000 14.590000
1.040000 13.300000
0.960000 14.360000
0.910000 14.860000
1.520000 11.880000
0.820000 14.170000
0.900000 14.520000
1.560000 11.920000
1.410000 12.290000
1.010000 14.430000
0.870000 14.040000
0.800000 13.920000
0.840000 14.140000
0.880000 14.180000
0.850000 14.290000
0.900000 13.950000
1.240000 12.560000
0.920000 14.930000
1.490000 12.300000
1.470000 12.110000
0.850000 14.090000
0.730000 14.180000
0.930000 14.450000
0.950000 14.610000
0.920000 14.840000
0.747000 16.120000
0.543000 17.510000
0.614000 17.180000
1.679000 11.830000
0.532000 17.480000
0.740000 16.660000
0.445000 18.180000
0.761000 16.980000
0.665000 15.800000
0.851000 15.470000
0.838000 15.030000
0.781000 17.480000
0.624000 17.540000
0.658000 18.240000
0.410000 17.960000
0.598000 17.930000
0.584000 17.120000
0.651000 16.180000
0.628000 14.340000
0.731000 15.390000
0.863000 16.080000
1.468000 12.110000
0.713000 16.360000
0.569000 18.100000
1.222000 12.960000
0.792000 14.100000
0.949000 14.610000
0.573000 14.660000
0.883000 13.780000
0.755000 18.920000
0.646000 17.750000
1.644000 17.010000
1.004000 14.110000
0.846000 15.560000
0.779000 13.990000
0.460000 10.600000
0.916000 14.450000
1.593000 11.850000
1.231000 12.980000
0.701000 10.080000
0.834000 14.080000
0.848000 15.510000
0.878000 15.430000
0.884000 13.910000
0.810000 14.120000
0.850000 15.410000
1.015000 14.060000
1.000000 15.110000
0.647000 13.130000
1.691000 12.000000
0.572000 17.320000
0.615000 17.660000
0.708000 18.400000
1.241000 17.480000
0.785000 16.660000
0.600000 17.960000
0.530000 18.260000
1.019000 17.280000
0.909000 16.440000
0.681000 15.820000
1.516000 12.130000
1.173000 13.250000
1.450000 12.140000
0.865000 14.100000
0.626000 15.890000
1.792000 17.070000
0.497000 16.510000
0.589000 18.390000
0.616000 17.750000
0.756000 17.010000
0.898000 15.490000
0.716000 14.010000
0.448000 11.640000
0.725000 14.160000
0.672000 18.800000
0.707000 18.660000
0.643000 18.940000
0.853000 19.050000
0.785000 19.000000
0.679000 18.680000
0.952000 14.550000
0.968000 14.140000
0.875000 15.110000
1.009000 13.750000
1.411000 12.400000
1.073000 13.670000
0.853000 15.080000
0.833000 14.060000
1.117000 13.610000
1.068000 13.720000
1.313000 12.470000
0.965000 14.490000
1.077000 13.560000
1.578000 11.870000
0.840000 19.000000
0.660000 18.270000
0.610000 17.590000
0.740000 19.010000
0.660000 18.830000
0.830000 19.040000
0.630000 17.610000
0.870000 19.010000
0.660000 17.180000
0.670000 18.280000
0.490000 16.730000
0.780000 18.990000
0.570000 17.350000
0.650000 18.050000
0.790000 18.850000
0.850000 15.470000
0.650000 18.560000
0.670000 18.520000
0.630000 17.550000
0.800000 16.260000
0.620000 17.240000
0.800000 18.460000
0.760000 18.890000
0.790000 17.110000
0.730000 18.890000
0.560000 17.500000
0.600000 18.000000
0.790000 19.000000
0.690000 18.520000
0.690000 18.830000
0.690000 17.130000
0.670000 18.240000
0.600000 17.890000
0.730000 18.670000
0.660000 18.160000
0.680000 18.570000
0.630000 17.950000
0.890000 18.930000
0.780000 19.040000
0.690000 18.840000
0.580000 17.960000
0.650000 18.330000
0.650000 18.330000
0.790000 17.120000
0.680000 17.250000
0.680000 18.170000
0.690000 18.660000
0.740000 18.980000
0.520000 19.140000
0.720000 18.570000
0.840000 18.880000
0.650000 18.590000
0.870000 15.490000
0.610000 18.240000
0.600000 17.860000
0.620000 17.640000
0.600000 17.430000
0.470000 17.860000
0.780000 17.100000
0.930000 14.870000
0.780000 16.910000
0.770000 19.050000
0.880000 19.020000
0.690000 18.490000
0.690000 17.170000
0.570000 17.400000
0.580000 17.880000
0.530000 17.470000
0.450000 18.020000
0.700000 18.330000
0.010000 18.090000
0.820000 15.420000
0.620000 17.270000
0.680000 18.920000
0.580000 17.390000
0.560000 17.570000
0.660000 10.100000
0.470000 17.150000
0.740000 18.560000
0.630000 17.870000
0.770000 18.960000
0.550000 17.940000
0.580000 18.060000
0.670000 17.160000
0.750000 18.880000
0.390000 18.860000
0.610000 17.710000
0.950000 19.210000
0.480000 17.720000
0.880000 14.510000
0.590000 17.320000
0.540000 17.590000
0.680000 17.620000
0.610000 17.390000
0.790000 18.670000
0.830000 18.910000
0.750000 19.000000
0.640000 18.380000
0.600000 17.490000
0.800000 17.150000
0.600000 17.750000
0.760000 18.670000
0.660000 18.460000
0.730000 18.400000
0.650000 18.820000
0.600000 18.690000
0.800000 18.740000
0.640000 16.820000
0.660000 18.910000
0.560000 17.610000
0.610000 17.530000
0.670000 18.760000
0.870000 19.040000
0.790000 15.610000
0.750000 17.020000
0.720000 18.800000
1.070000 18.380000
0.670000 18.810000
0.730000 18.810000
0.720000 19.030000
0.610000 18.150000
0.660000 17.750000
1.080000 18.530000
0.570000 17.460000
0.610000 17.810000
0.730000 18.680000
0.580000 18.190000
0.620000 17.750000
0.700000 18.510000
0.700000 18.990000
0.670000 18.740000
0.850000 18.890000
0.620000 18.440000
0.610000 17.870000
0.700000 18.400000
0.600000 17.590000
0.800000 16.970000
0.650000 18.470000
0.700000 18.830000
0.630000 18.550000
0.610000 17.420000
0.760000 18.880000
0.800000 19.000000
0.640000 17.960000
0.610000 18.030000
0.630000 18.090000
0.640000 18.740000
0.780000 18.660000
0.810000 18.740000
0.650000 18.650000
0.610000 18.370000
0.620000 18.570000
0.800000 17.480000
0.600000 17.460000
0.610000 18.090000
0.900000 18.870000
0.910000 18.900000
0.830000 16.780000
1.000000 17.900000
0.560000 17.640000
0.840000 18.710000
0.730000 18.990000
0.690000 18.940000
0.620000 17.330000
0.590000 17.860000
0.670000 18.780000
0.590000 17.800000
0.650000 18.440000
0.640000 17.970000
0.590000 17.630000
0.580000 17.570000
0.810000 16.100000
0.610000 18.440000
0.740000 18.580000
0.490000 17.040000
0.630000 17.300000
0.660000 18.150000
0.640000 18.340000
0.770000 18.990000
0.760000 18.580000
0.660000 17.740000
0.790000 18.730000
0.790000 16.590000
0.590000 17.530000
0.610000 18.120000
0.670000 18.420000
0.740000 17.140000
0.690000 18.380000
0.600000 17.500000
0.580000 17.760000
0.740000 18.430000
0.750000 18.920000
0.820000 19.010000
0.670000 18.510000
0.610000 18.150000
0.570000 17.580000
0.570000 17.930000
0.630000 17.690000
0.600000 17.020000
0.820000 13.960000
0.730000 16.000000
0.570000 17.740000
0.790000 18.120000
0.540000 18.070000
1.340000 16.800000
0.620000 18.210000
0.800000 15.780000
0.650000 18.240000
0.680000 18.330000
0.540000 17.410000
0.840000 14.100000
0.320000 16.120000
0.840000 18.980000
0.740000 18.540000
0.760000 19.010000
0.650000 18.910000
0.760000 18.910000
0.740000 18.910000
0.590000 18.100000
0.690000 18.370000
0.780000 18.340000
0.630000 17.950000
0.680000 18.610000
0.620000 17.190000
0.710000 16.990000
0.650000 18.420000
0.760000 18.610000
0.880000 13.840000
0.930000 18.410000
0.620000 18.360000
0.900000 18.320000
0.660000 18.260000
0.800000 14.120000
0.800000 18.950000
0.620000 17.480000
0.860000 18.550000
0.660000 18.130000
0.930000 18.720000
0.890000 18.750000
0.620000 18.100000
0.660000 18.270000
1.150000 17.930000
0.640000 18.000000
0.720000 18.850000
0.640000 17.330000
0.580000 17.440000
0.770000 18.770000
0.770000 19.140000
0.410000 19.320000
0.690000 16.720000
0.850000 15.610000
1.170000 16.920000
0.640000 17.990000
0.830000 18.880000
0.660000 18.460000
0.630000 17.680000
0.690000 19.030000
0.620000 19.190000
0.690000 18.340000
0.850000 16.010000
0.630000 17.280000
0.780000 18.920000
0.590000 17.480000
0.700000 19.010000
0.720000 18.470000
0.550000 18.510000
0.720000 16.790000
0.730000 17.160000
0.820000 18.860000
0.610000 18.050000
1.150000 17.700000
0.800000 18.530000
0.040000 18.840000
0.820000 18.990000
0.660000 18.560000
0.730000 18.780000
0.790000 16.890000
0.750000 18.970000
0.630000 17.550000
0.810000 18.260000
0.780000 14.030000
0.760000 18.660000
0.710000 18.450000
0.600000 18.260000
0.910000 18.890000
0.840000 18.830000
0.640000 18.590000
0.600000 18.030000
0.690000 18.390000
0.780000 18.540000
0.670000 18.810000
0.660000 17.620000
0.580000 18.660000
0.750000 13.930000
0.600000 18.070000
0.760000 17.180000
0.600000 17.770000
0.610000 17.540000
0.710000 18.850000
0.690000 19.020000
0.700000 18.560000
0.860000 18.590000
0.720000 18.730000
1.060000 13.450000
0.560000 16.620000
0.730000 18.610000
0.760000 16.810000
0.400000 18.170000
0.600000 17.100000
0.660000 18.590000
0.690000 18.780000
0.590000 17.750000
0.590000 18.010000
0.790000 18.980000
0.650000 17.290000
0.720000 18.690000
0.550000 17.620000
0.620000 18.330000
0.630000 17.690000
0.640000 18.450000
0.560000 17.260000
0.500000 17.960000
0.720000 19.030000
0.690000 18.670000
0.630000 18.320000
0.830000 18.850000
0.760000 18.620000
0.580000 17.140000
0.630000 17.240000
0.660000 18.470000
0.860000 18.520000
0.680000 18.050000
0.570000 17.940000
0.570000 17.760000
0.730000 18.710000
0.800000 18.780000
0.540000 17.860000
0.790000 18.670000
0.670000 18.600000
0.760000 19.060000
0.590000 17.310000
0.650000 18.340000
0.800000 18.930000
0.710000 18.710000
0.580000 18.340000
0.600000 18.070000
0.650000 17.730000
1.170000 12.800000
0.590000 17.840000
0.670000 18.370000
0.620000 16.840000
0.570000 17.950000
0.690000 18.950000
0.710000 17.160000
0.700000 18.660000
0.690000 18.470000
0.690000 18.670000
0.590000 18.260000
0.700000 18.680000
0.590000 18.690000
0.580000 18.700000
0.950000 14.270000
0.750000 18.350000
0.630000 17.850000
0.780000 18.860000
0.590000 18.090000
0.560000 17.810000
0.850000 18.860000
0.780000 18.520000
0.600000 17.830000
1.080000 17.770000
0.690000 15.680000
0.640000 18.390000
0.610000 17.880000
0.840000 15.770000
0.690000 19.110000
0.870000 15.190000
0.480000 17.790000
0.610000 17.250000
0.800000 18.920000
0.750000 18.820000
0.510000 17.210000
0.760000 18.580000
1.120000 17.850000
0.660000 18.360000
0.570000 18.810000
0.950000 14.560000
0.830000 16.530000
0.730000 18.140000
0.730000 17.160000
0.790000 16.850000
0.520000 17.510000
0.600000 18.220000
0.620000 18.090000
0.640000 18.770000
0.650000 18.410000
0.640000 17.520000
0.660000 18.240000
0.670000 18.790000
0.740000 18.470000
0.830000 18.880000
0.700000 18.410000
0.690000 18.520000
0.800000 16.370000
0.400000 17.880000
0.620000 18.270000
0.580000 17.780000
0.700000 18.330000
0.530000 17.750000
0.610000 18.200000
0.620000 18.440000
0.620000 17.860000
0.510000 17.650000
0.810000 16.530000
0.720000 18.810000
0.630000 17.340000
0.770000 18.400000
0.840000 18.760000
0.570000 17.900000
0.450000 17.460000
1.110000 17.660000
0.750000 18.800000
0.630000 18.540000
0.860000 18.930000
0.880000 18.760000
0.640000 18.480000
0.860000 13.950000
0.630000 17.970000
0.840000 13.870000
0.840000 17.700000
0.680000 18.200000
0.620000 17.950000
0.420000 17.000000
0.400000 18.270000
0.600000 18.510000
0.700000 18.740000
0.870000 18.750000
0.700000 18.450000
0.540000 17.580000
0.740000 18.650000
0.600000 17.680000
0.670000 18.400000
0.810000 18.910000
1.150000 13.010000
0.670000 17.580000
0.810000 18.780000
0.690000 18.910000
0.670000 18.360000
0.620000 18.660000
0.560000 17.930000
0.480000 17.730000
0.990000 18.550000
0.670000 18.500000
0.570000 18.220000
0.640000 17.500000
0.610000 18.210000
0.650000 18.350000
0.660000 17.220000
0.960000 18.540000
0.540000 17.890000
0.600000 18.230000
0.880000 15.270000
0.650000 18.150000
0.770000 16.990000
0.680000 18.440000
0.610000 18.190000
0.580000 17.530000
0.580000 17.220000
0.540000 18.000000
0.650000 17.280000
0.790000 18.930000
0.630000 18.830000
0.590000 18.350000
0.740000 18.750000
0.820000 15.630000
0.620000 17.770000
0.720000 14.900000
0.870000 18.660000
0.620000 18.600000
0.640000 17.190000
0.590000 17.490000
1.050000 13.920000
0.590000 18.260000
0.500000 18.190000
0.610000 19.230000
0.590000 18.420000
0.600000 17.490000
0.740000 18.970000
0.610000 18.230000
0.600000 17.310000
0.770000 16.740000
0.920000 18.910000
0.770000 18.700000
0.880000 15.210000
0.740000 18.580000
0.620000 17.270000
0.810000 18.870000
0.560000 17.480000
0.690000 18.960000
0.780000 18.760000
0.600000 17.270000
0.630000 17.950000
0.570000 17.950000
0.740000 19.120000
0.620000 17.250000
0.650000 17.700000
0.540000 17.950000
1.610000 18.070000
0.580000 17.780000
0.750000 18.670000
0.570000 17.840000
0.870000 18.950000
0.680000 17.880000
0.740000 16.180000
0.810000 18.670000
0.600000 18.560000
0.600000 17.810000
0.900000 18.870000
0.750000 17.070000
0.560000 18.070000
0.850000 18.860000
0.160000 17.440000
1.430000 16.600000
0.640000 17.520000
0.610000 18.390000
0.880000 18.990000
0.600000 17.230000
0.490000 18.180000
0.710000 18.450000
0.650000 17.210000
0.760000 19.120000
0.590000 17.620000
0.760000 18.890000
0.600000 17.770000
0.650000 17.180000
0.630000 18.190000
0.650000 18.380000
0.780000 17.870000
0.650000 18.050000
0.630000 18.700000
0.710000 18.770000
0.780000 18.740000
0.510000 17.840000
0.670000 17.800000
0.670000 18.440000
0.660000 17.330000
0.650000 18.110000
0.670000 18.950000
0.720000 18.880000
0.590000 17.520000
0.570000 18.160000
0.600000 17.290000
0.700000 18.180000
0.760000 18.930000
0.660000 18.570000
0.800000 18.700000
0.750000 18.670000
0.830000 19.010000
0.580000 17.890000
0.780000 18.930000
0.540000 17.220000
1.520000 17.030000
0.600000 17.410000
0.650000 18.770000
1.450000 12.170000
0.650000 17.860000
0.910000 18.840000
0.570000 18.420000
0.680000 18.180000
0.640000 18.030000
0.550000 17.990000
0.650000 18.050000
0.600000 17.710000
0.580000 18.270000
0.620000 17.710000
0.860000 16.970000
0.520000 16.670000
0.740000 18.480000
0.600000 17.550000
0.850000 18.880000
0.800000 18.800000
0.580000 17.920000
0.600000 18.520000
0.870000 18.840000
0.620000 18.420000
0.660000 18.330000
0.600000 17.950000
1.190000 13.210000
0.910000 18.910000
0.370000 17.810000
0.600000 18.210000
0.600000 17.430000
0.590000 17.690000
0.620000 17.770000
0.590000 17.290000
0.540000 17.880000
0.790000 18.800000
1.530000 12.160000
0.670000 18.490000
0.570000 17.920000
0.660000 18.890000
0.480000 17.330000
0.510000 17.870000
0.620000 17.970000
0.490000 18.270000
0.640000 18.280000
0.730000 18.790000
0.580000 17.940000
0.650000 18.110000
0.610000 18.440000
0.620000 17.890000
0.630000 17.700000
0.630000 18.350000
0.600000 17.400000
0.760000 18.320000
0.680000 18.650000
0.730000 18.670000
0.650000 18.070000
0.620000 17.870000
0.860000 15.330000
1.710000 18.460000
0.650000 18.490000
0.590000 18.180000
0.750000 18.590000
0.600000 18.090000
0.940000 14.560000
0.660000 18.120000
0.660000 17.960000
0.630000 18.700000
0.730000 18.590000
0.630000 17.260000
0.860000 14.020000
0.610000 15.830000
0.710000 18.670000
0.760000 19.020000
0.810000 18.980000
0.770000 18.930000
1.080000 17.750000
0.840000 18.680000
0.550000 16.410000
0.690000 18.440000
0.610000 17.250000
0.620000 17.670000
0.530000 17.810000
0.590000 18.330000
0.710000 18.510000
0.600000 17.280000
0.530000 17.190000
0.600000 18.010000
0.700000 18.420000
0.640000 17.190000
0.400000 18.600000
0.600000 18.130000
0.690000 18.810000
0.540000 18.020000
0.730000 18.740000
0.780000 18.940000
0.800000 15.390000
0.510000 17.660000
0.520000 17.770000
0.610000 17.880000
0.780000 18.980000
0.690000 18.570000
0.660000 18.390000
0.660000 18.790000
0.680000 18.450000
0.580000 17.540000
0.500000 17.260000
0.630000 18.760000
0.420000 18.290000
0.760000 18.250000
0.840000 15.830000
0.620000 17.140000
0.570000 18.080000
0.740000 18.840000
0.760000 18.740000
0.760000 18.590000
0.620000 18.220000
0.640000 18.210000
0.510000 18.020000
0.570000 18.750000
0.640000 18.450000
0.570000 17.370000
0.620000 18.040000
0.670000 18.410000
0.590000 18.190000
0.900000 18.600000
0.520000 17.240000
0.780000 19.050000
0.590000 17.740000
0.670000 17.140000
0.720000 18.440000
0.100000 18.040000
0.700000 18.770000
0.580000 17.990000
0.550000 17.930000
0.560000 17.110000
0.550000 17.380000
0.280000 17.520000
0.470000 17.500000
0.650000 18.170000
0.670000 18.140000
0.700000 18.850000
0.780000 18.850000
0.700000 18.960000
0.700000 18.520000
0.830000 18.830000
0.640000 18.020000
0.850000 15.870000
0.960000 18.060000
0.750000 18.670000
0.650000 18.490000
0.670000 18.060000
0.710000 18.710000
0.610000 18.610000
0.750000 18.800000
0.650000 18.800000
0.620000 17.540000
0.560000 17.990000
0.710000 18.950000
0.380000 17.330000
0.670000 18.740000
0.560000 18.040000
0.730000 18.590000
1.010000 18.020000
0.720000 18.490000
0.700000 14.950000
0.640000 17.110000
0.640000 18.800000
0.790000 18.690000
0.550000 17.710000
0.390000 17.160000
0.590000 18.000000
0.600000 18.590000
0.700000 18.620000
0.670000 18.110000
0.560000 17.920000
0.660000 18.490000
0.830000 16.400000
0.670000 18.480000
0.590000 17.250000
0.590000 18.070000
0.800000 15.930000
0.640000 18.070000
0.640000 18.860000
0.520000 17.430000
0.630000 18.360000
0.560000 18.250000
0.530000 18.170000
0.580000 17.260000
0.590000 18.520000
0.670000 18.640000
0.630000 18.930000
0.660000 18.960000
0.620000 18.900000
0.620000 18.010000
0.760000 18.500000
0.900000 13.530000
0.690000 16.980000
0.650000 18.000000
0.580000 17.780000
0.820000 16.730000
0.600000 17.770000
0.630000 17.490000
0.630000 18.150000
0.670000 17.320000
0.660000 18.820000
0.760000 17.090000
0.610000 18.170000
0.860000 15.610000
0.560000 17.260000
0.570000 17.420000
0.580000 18.320000
0.930000 14.580000
0.600000 18.720000
0.580000 17.760000
0.670000 18.640000
0.550000 17.470000
0.680000 18.830000
0.700000 18.860000
0.820000 16.900000
1.210000 13.080000
0.590000 17.610000
0.610000 18.460000
0.690000 16.120000
0.500000 17.220000
0.540000 18.140000
0.660000 17.140000
0.630000 18.340000
0.650000 18.900000
0.580000 18.240000
0.630000 18.450000
0.610000 18.160000
0.690000 15.120000
0.570000 17.220000
0.560000 18.120000
0.650000 18.920000
0.650000 18.770000
0.750000 18.850000
0.680000 18.860000
0.580000 18.390000
0.650000 19.190000
0.560000 17.340000
0.560000 17.860000
0.650000 17.000000
0.520000 17.920000
0.580000 18.120000
0.440000 17.630000
0.580000 17.840000
0.380000 17.300000
0.710000 18.750000
0.630000 18.310000
0.610000 17.950000
0.690000 18.630000
0.910000 18.250000
1.140000 16.580000
1.180000 13.460000
0.790000 15.830000
0.570000 18.250000
0.520000 17.300000
0.720000 13.880000
0.710000 18.680000
0.650000 18.600000
0.720000 18.740000
0.640000 17.990000
0.620000 18.190000
0.560000 17.460000
1.060000 16.640000
0.650000 18.460000
0.630000 18.390000
0.680000 18.680000
0.580000 17.990000
0.620000 18.100000
0.640000 18.430000
0.630000 18.460000
0.600000 17.930000
1.110000 17.710000
0.670000 18.620000
1.250000 17.250000
0.580000 17.740000
1.030000 17.400000
0.650000 17.200000
0.490000 17.420000
0.520000 17.560000
0.700000 18.460000
0.660000 18.290000
0.710000 18.440000
0.680000 18.260000
1.530000 12.100000
0.610000 17.520000
0.640000 17.760000
0.830000 14.860000
0.610000 18.390000
0.590000 17.990000
0.540000 17.930000
0.650000 17.180000
0.720000 18.250000
0.630000 17.960000
0.680000 16.840000
0.520000 18.120000
0.720000 18.710000
1.110000 17.770000
0.640000 17.100000
1.180000 16.820000
0.570000 17.600000
0.660000 18.660000
0.560000 18.020000
0.640000 18.360000
0.880000 15.330000
0.650000 18.180000
0.680000 18.180000
0.550000 17.500000
0.560000 18.640000
0.720000 18.460000
0.570000 17.430000
0.580000 18.150000
0.620000 18.240000
0.740000 18.570000
0.740000 18.860000
0.570000 17.820000
0.590000 17.950000
0.630000 18.630000
0.560000 18.030000
0.800000 18.510000
0.880000 18.690000
0.880000 18.820000
0.420000 18.300000
0.680000 18.510000
0.560000 17.780000
0.520000 16.900000
0.900000 14.120000
1.070000 13.700000
0.510000 18.150000
0.410000 17.980000
0.960000 18.030000
0.550000 17.060000
0.710000 18.750000
0.540000 18.080000
0.610000 18.880000
0.840000 16.080000
0.560000 17.540000
0.720000 18.380000
0.680000 18.860000
0.760000 18.920000
0.640000 17.790000
0.530000 18.220000
0.600000 17.540000
0.720000 18.580000
0.630000 17.520000
0.690000 18.760000
0.490000 18.400000
0.690000 18.450000
0.670000 18.870000
0.570000 17.790000
0.660000 18.410000
0.830000 17.230000
0.920000 18.570000
0.920000 18.830000
0.570000 18.460000
0.560000 18.290000
0.620000 18.450000
0.490000 17.320000
0.290000 16.070000
0.630000 18.000000
0.590000 17.310000
0.570000 18.000000
0.670000 17.120000
0.540000 18.750000
0.570000 18.290000
0.680000 18.470000
0.500000 17.170000
0.640000 18.360000
0.710000 18.580000
0.620000 17.830000
0.920000 14.960000
0.640000 17.760000
0.720000 17.140000
0.540000 17.580000
0.550000 17.670000
0.760000 16.300000
0.550000 17.550000
0.690000 16.350000
0.620000 17.580000
0.670000 18.430000
0.550000 17.990000
0.580000 17.870000
0.590000 17.360000
0.680000 18.470000
0.580000 18.180000
0.620000 18.380000
0.540000 17.720000
0.590000 18.240000
0.540000 17.860000
0.610000 17.190000
0.650000 17.470000
0.810000 15.950000
0.810000 16.160000
0.530000 17.760000
0.430000 17.790000
0.550000 17.630000
0.660000 18.350000
0.680000 17.070000
0.850000 13.940000
0.520000 17.600000
0.660000 18.490000
0.690000 18.740000
0.730000 18.870000
0.640000 18.490000
0.700000 16.370000
0.610000 18.620000
0.620000 18.030000
1.760000 17.310000
0.640000 18.580000
0.700000 17.030000
0.610000 18.090000
0.420000 17.860000
0.700000 19.010000
0.560000 18.580000
0.790000 16.550000
0.820000 18.880000
0.570000 18.200000
0.690000 18.890000
0.740000 18.940000
0.620000 18.140000
0.550000 17.850000
0.380000 17.470000
0.590000 18.140000
0.570000 17.730000
0.620000 18.410000
0.550000 17.280000
0.630000 18.340000
0.540000 18.250000
0.700000 19.220000
0.650000 18.710000
0.600000 18.470000
0.590000 17.640000
0.760000 18.660000
0.580000 19.060000
0.780000 19.060000
0.830000 15.980000
0.840000 18.420000
0.730000 19.030000
0.560000 18.100000
0.690000 18.810000
0.580000 17.290000
0.780000 19.030000
0.760000 18.670000
0.720000 19.020000
0.540000 18.320000
0.750000 19.050000
0.690000 19.110000
0.670000 19.100000
0.720000 18.820000
0.600000 18.690000
0.680000 18.430000
0.510000 17.660000
2.080000 16.140000
0.660000 17.090000
0.930000 18.390000
0.610000 18.580000
0.470000 17.550000
0.540000 18.550000
0.650000 18.260000
0.720000 19.150000
0.570000 18.410000
0.730000 18.650000
0.670000 19.170000
0.600000 17.670000
0.950000 18.780000
0.370000 17.970000
0.830000 15.110000
0.780000 18.640000
0.600000 18.480000
0.660000 17.120000
0.580000 17.570000
0.800000 13.730000
0.590000 17.160000
0.570000 17.770000
0.590000 18.500000
0.570000 18.360000
0.630000 18.670000
1.310000 15.740000
0.660000 17.460000
0.550000 18.210000
0.590000 17.340000
0.610000 17.120000
0.660000 18.870000
0.600000 18.600000
0.760000 18.780000
0.630000 17.150000
0.570000 18.040000
0.530000 17.910000
0.540000 17.770000
0.680000 19.160000
0.620000 19.230000
0.540000 17.840000
0.570000 18.480000
0.550000 18.130000
0.680000 17.000000
0.670000 18.610000
0.480000 17.220000
0.440000 16.850000
0.510000 17.410000
0.680000 17.110000
0.560000 17.870000
0.670000 18.560000
0.690000 19.130000
0.610000 18.460000
0.640000 17.790000
0.580000 17.920000
0.600000 17.120000
0.660000 18.500000
0.740000 18.940000
0.670000 18.730000
0.590000 18.070000
0.680000 18.580000
0.810000 19.030000
0.590000 18.460000
0.830000 18.810000
0.700000 18.940000
0.660000 18.920000
0.610000 18.650000
0.600000 17.230000
0.540000 17.330000
0.710000 18.900000
0.730000 18.870000
0.810000 18.990000
0.720000 18.970000
0.560000 17.410000
0.670000 18.660000
0.710000 18.940000
0.580000 17.940000
0.740000 18.770000
0.770000 17.050000
0.620000 18.590000
0.590000 17.280000
0.610000 18.670000
0.850000 18.950000
0.790000 16.530000
0.720000 18.840000
0.620000 18.120000
0.630000 18.690000
0.630000 18.210000
0.540000 18.010000
0.750000 19.190000
0.660000 18.800000
0.830000 19.060000
1.450000 17.230000
0.750000 17.570000
0.650000 18.760000
0.900000 18.780000
0.800000 18.800000
0.650000 18.550000
0.760000 18.420000
0.640000 18.490000
0.780000 18.880000
0.730000 18.880000
0.800000 18.970000
0.810000 19.080000
0.810000 19.150000
0.790000 18.670000
0.800000 18.840000
0.650000 18.580000
0.490000 17.670000
0.640000 17.100000
0.900000 18.890000
0.630000 18.290000
0.770000 19.180000
0.600000 18.290000
0.580000 17.640000
0.640000 18.580000
0.750000 19.120000
0.650000 19.210000
0.610000 17.830000
0.590000 17.110000
0.720000 16.500000
0.260000 18.430000
0.640000 18.630000
0.690000 18.550000
0.640000 18.590000
0.660000 18.590000
0.780000 18.970000
1.050000 18.190000
0.540000 17.460000
0.550000 18.190000
0.510000 17.500000
0.590000 18.320000
0.750000 19.120000
0.570000 17.740000
0.860000 18.970000
0.900000 18.700000
0.670000 18.750000
0.800000 19.010000
0.630000 18.260000
0.560000 18.390000
0.630000 18.500000
0.520000 17.840000
0.780000 14.020000
0.730000 19.060000
0.720000 19.130000
0.590000 18.050000
0.760000 17.070000
0.650000 18.390000
0.760000 18.360000
0.750000 18.930000
0.540000 17.550000
0.700000 18.720000
0.720000 18.570000
0.840000 18.940000
0.590000 18.010000
0.730000 18.930000
0.620000 17.130000
0.540000 18.100000
0.650000 18.420000
0.550000 17.690000
0.610000 17.260000
0.940000 19.030000
0.590000 18.250000
0.770000 18.520000
0.640000 18.460000
0.840000 18.470000
0.920000 17.810000
0.520000 17.910000
0.820000 18.950000
0.660000 18.260000
0.950000 18.680000
0.440000 18.240000
0.340000 17.330000
0.390000 18.430000
0.710000 19.170000
0.830000 18.950000
0.740000 19.060000
0.770000 18.990000
0.660000 18.490000
0.670000 18.430000
0.490000 18.160000
0.720000 17.020000
0.810000 19.020000
0.570000 17.580000
0.570000 17.840000
0.610000 18.070000
0.650000 18.920000
0.940000 18.430000
0.720000 19.140000
0.660000 18.670000
0.570000 17.810000
0.570000 18.710000
0.540000 19.000000
0.670000 18.680000
0.570000 17.670000
0.570000 18.130000
0.680000 18.480000
0.570000 18.070000
0.710000 18.720000
0.550000 17.300000
0.570000 18.220000
0.740000 18.530000
0.670000 18.210000
0.920000 17.790000
0.620000 19.060000
0.710000 18.670000
0.590000 17.580000
0.790000 18.800000
0.630000 17.980000
0.880000 18.550000
0.740000 19.050000
0.580000 17.920000
0.580000 18.010000
0.590000 18.270000
0.560000 17.670000
0.430000 18.180000
0.590000 17.820000
0.750000 18.960000
0.700000 18.920000
0.880000 18.930000
0.660000 18.590000
0.590000 18.460000
0.610000 17.230000
0.570000 18.300000
0.780000 16.950000
0.690000 18.440000
0.680000 18.350000
0.630000 18.550000
0.770000 19.010000
0.860000 18.950000
0.860000 18.930000
0.610000 17.430000
0.560000 18.740000
0.580000 18.460000
0.620000 18.860000
0.600000 18.020000
0.540000 17.910000
0.780000 19.010000
0.750000 15.790000
0.580000 18.010000
0.730000 18.610000
0.530000 18.660000
0.450000 19.240000
0.550000 17.420000
0.500000 17.790000
0.610000 18.210000
0.530000 19.180000
0.570000 17.880000
0.830000 18.910000
0.570000 17.780000
0.750000 17.040000
0.790000 18.880000
0.590000 18.370000
0.590000 18.240000
0.730000 18.410000
0.710000 18.660000
0.510000 18.420000
0.610000 17.690000
0.690000 16.860000
0.650000 17.330000
0.650000 18.410000
0.800000 15.470000
0.780000 17.080000
0.790000 18.910000
0.570000 18.150000
0.570000 17.640000
0.550000 17.970000
0.760000 18.400000
0.630000 18.310000
0.670000 18.790000
0.800000 18.860000
0.670000 18.510000
0.820000 18.960000
0.770000 17.070000
0.650000 18.270000
0.550000 17.760000
0.600000 18.070000
0.640000 17.640000
0.600000 18.020000
0.760000 18.800000
0.620000 17.820000
0.590000 18.030000
0.620000 18.330000
0.630000 18.350000
0.760000 18.970000
1.400000 17.860000
0.870000 15.320000
0.650000 18.330000
0.610000 18.400000
0.600000 17.440000
0.610000 17.640000
0.670000 18.500000
0.740000 18.890000
0.720000 18.290000
0.790000 18.690000
0.400000 18.780000
0.600000 17.220000
0.620000 17.840000
0.800000 16.350000
0.550000 17.480000
0.880000 15.010000
0.640000 18.850000
0.560000 18.350000
0.650000 16.760000
0.580000 17.950000
0.790000 18.790000
0.680000 18.120000
0.760000 14.000000
0.590000 18.450000
0.560000 17.230000
0.710000 18.770000
0.630000 17.280000
0.570000 17.780000
0.830000 18.900000
0.580000 18.040000
0.550000 17.840000
0.580000 18.410000
0.640000 18.250000
0.620000 18.400000
0.650000 17.090000
0.590000 17.850000
0.540000 17.330000
0.640000 18.290000
0.550000 17.860000
0.560000 17.470000
0.770000 18.830000
0.670000 18.830000
0.640000 18.630000
0.620000 17.790000
0.480000 17.860000
0.610000 17.730000
0.710000 18.980000
0.660000 18.250000
0.620000 17.980000
0.620000 18.360000
0.750000 18.730000
0.640000 17.950000
0.610000 18.080000
0.710000 18.440000
0.600000 18.320000
0.490000 16.960000
0.700000 18.610000
0.720000 18.670000
0.710000 18.630000
0.630000 19.130000
0.610000 17.990000
0.590000 17.550000
0.570000 17.760000
0.640000 18.120000
0.840000 18.760000
0.550000 18.690000
0.590000 17.560000
0.580000 17.250000
0.650000 16.990000
0.590000 17.920000
0.670000 17.780000
0.620000 18.310000
0.610000 17.910000
0.580000 18.200000
0.590000 17.900000
0.640000 17.710000
0.610000 17.980000
0.500000 17.100000
0.580000 17.780000
0.680000 16.960000
0.520000 17.660000
0.590000 16.880000
0.490000 17.290000
1.210000 17.570000
0.620000 18.060000
0.640000 17.750000
0.410000 17.470000
0.650000 17.620000
0.590000 17.990000
0.700000 18.190000
0.610000 18.420000
0.630000 18.380000
0.660000 18.520000
0.690000 18.530000
0.450000 16.860000
0.660000 18.530000
0.480000 17.300000
0.650000 18.340000
0.550000 17.660000
0.620000 18.000000
0.520000 17.260000
0.580000 17.310000
0.700000 18.680000
0.640000 18.160000
0.790000 16.580000
0.720000 18.590000
1.000000 17.540000
0.990000 17.860000
0.690000 18.550000
0.750000 18.810000
0.580000 18.050000
0.700000 18.590000
0.490000 17.290000
0.800000 14.030000
0.660000 18.670000
0.720000 18.770000
0.480000 17.540000
0.650000 17.430000
0.620000 17.550000
0.610000 17.780000
0.640000 18.710000
0.810000 15.860000
0.740000 18.670000
0.530000 18.940000
0.820000 18.820000
0.610000 18.660000
0.660000 18.190000
0.680000 17.230000
0.800000 16.560000
0.740000 18.690000
0.690000 18.580000
0.720000 18.950000
0.680000 18.460000
0.780000 18.860000
0.610000 17.390000
0.640000 18.360000
0.630000 18.310000
0.700000 18.620000
0.610000 17.810000
0.650000 18.500000
0.640000 17.200000
0.670000 18.520000
0.620000 18.030000
0.700000 18.790000
0.730000 18.830000
0.740000 18.900000
0.590000 17.560000
0.580000 18.080000
0.750000 18.950000
0.630000 18.040000
0.750000 18.920000
0.710000 18.350000
0.600000 17.380000
0.580000 18.280000
0.840000 15.480000
0.640000 17.380000
0.590000 17.860000
1.070000 18.230000
0.710000 17.060000
0.600000 17.570000
0.740000 16.970000
0.230000 18.960000
0.840000 18.470000
0.670000 18.930000
0.640000 18.220000
0.680000 18.490000
0.610000 17.650000
0.530000 17.940000
0.630000 18.340000
0.660000 18.070000
0.750000 18.460000
0.850000 16.590000
0.620000 18.150000
0.610000 17.510000
0.640000 18.320000
0.910000 14.620000
0.650000 18.180000
0.610000 17.720000
0.730000 19.060000
0.660000 17.570000
0.690000 18.700000
0.970000 17.900000
0.670000 18.480000
0.570000 17.810000
0.650000 17.240000
0.590000 17.130000
0.640000 17.350000
0.620000 18.050000
0.600000 17.320000
0.810000 17.070000
0.590000 17.720000
0.620000 17.270000
0.660000 17.170000
0.430000 17.690000
0.560000 17.460000
0.590000 17.500000
0.660000 17.560000
0.620000 17.330000
0.590000 17.400000
0.660000 17.280000
0.690000 18.440000
0.680000 17.770000
0.700000 17.220000
0.660000 17.440000
0.610000 17.240000
0.750000 17.200000
0.940000 17.570000
1.300000 18.090000
0.770000 17.170000
0.630000 18.950000
1.190000 18.660000
0.980000 18.850000
